price_eur	year	km_age	mark
22855	2012	302292	BMW
27900	2016	277528	Mercedes-Benz
22800	2019	267787	Opel
22860	2018	230398	Opel
22846	2013	228279	BMW
51700	2015	215000	Toyota
28000	2015	210000	Volkswagen
22800	2012	204000	Mercedes-Benz
22800	2017	188839	Ford
28000	2017	188500	Land_Rover
22850	2019	183466	Audi
28000	2009	181962	Volkswagen
22850	2014	178000	Volkswagen
22850	2014	175000	Volkswagen
22800	2016	173001	Audi
27900	2004	171000	BMW
22800	2016	170000	Ford
22850	2017	169103	Ford
22850	1989	168000	Skoda
22850	2017	159313	Renault
22854	2018	159101	Ford
28000	1999	155200	Volkswagen
22848	2015	150000	Porsche
28000	2016	150000	Alfa_Romeo
22850	2017	149850	Volkswagen
22850	2007	149623	Skoda
25870	2015	148000	Ford
22648	2015	147827	Smart
22815	2019	146444	Mercedes-Benz
22840	2005	145000	Mercedes-Benz
27900	2016	144527	Opel
22850	2011	144000	Skoda
28000	2014	144000	BMW
22725	2018	143897	Mercedes-Benz
21852	2014	142703	Opel
22849	2017	142100	Volkswagen
22860	2019	138600	Opel
21860	2019	138600	Mercedes-Benz
25850	1978	136500	Volkswagen
22848	2017	136373	Volkswagen
22840	2018	136234	Opel
30840	2018	136000	Volkswagen
22813	2016	135628	Audi
22850	2019	135482	Seat
22850	2019	135482	Volkswagen
22850	2019	135482	Ford
22850	2019	135482	Audi
22850	2019	135482	Mercedes-Benz
22850	2019	135482	Mercedes-Benz
22850	2019	135482	Volkswagen
22850	2019	135482	Mercedes-Benz
22840	2017	134395	BMW
22800	2016	133000	Volkswagen
22808	2017	131888	Ford
22850	2014	131000	Opel
22843	2019	130948	Seat
22808	2018	130042	Seat
22850	2020	129098	Seat
25870	2019	127859	Audi
22850	1982	127531	Volkswagen
22849	2019	127200	Skoda
22850	2016	127022	Dacia
28000	2013	127000	Mazda
25850	2018	126700	Volkswagen
25850	1967	126600	Opel
22850	2011	126500	Opel
22850	2017	125900	Skoda
22800	2018	125750	Volkswagen
22850	2018	125357	Smart
22850	2018	125357	Opel
22850	2018	125357	Smart
22850	2018	125357	Mazda
22850	2018	125357	Hyundai
22850	2018	125357	Volkswagen
22850	2018	125357	Volkswagen
22850	2018	125357	Ford
24950	2014	125200	BMW
25870	2018	124153	Audi
28000	1992	124000	BMW
21700	2019	123911	Mercedes-Benz
22860	2018	122455	Ford
28000	2016	122000	Opel
25870	2013	121981	Seat
25870	2018	120291	Jeep
25870	2018	120291	Mercedes-Benz
25870	2018	120291	Seat
22800	2011	119800	Seat
28000	2017	119654	Audi
28000	2017	119654	Mercedes-Benz
23470	2019	119643	Seat
22840	2019	118310	Seat
22837	2019	117300	Subaru
25770	2020	116832	BMW
30475	2019	116210	Audi
22849	2018	115700	Volkswagen
28000	1971	115000	Nissan
22800	2013	114460	Volkswagen
22850	2018	112700	Fiat
22832	2018	112359	Volkswagen
22800	1984	112000	Volkswagen
22850	2018	111836	Fiat
28000	2019	111300	Volkswagen
22850	2019	110700	Seat
22800	2016	110000	BMW
22460	2019	109261	Suzuki
22000	2015	109000	Mercedes-Benz
22849	2018	108581	Mercedes-Benz
22850	2020	107567	Seat
22850	2020	107567	BMW
22850	2020	107567	Suzuki
22850	2020	107567	Skoda
22850	2020	107567	Hyundai
22850	2020	107567	Land_Rover
22850	2020	107567	Ford
22850	2020	107567	BMW
31840	2020	106946	Fiat
22812	2019	104317	BMW
27900	2017	104280	Mitsubishi
22860	2019	103300	Kia
22800	2019	102984	Volkswagen
25850	2019	102000	Audi
22840	2015	101743	Skoda
21876	2018	100741	Ford
28000	1939	100000	BMW
22840	2010	100000	Mercedes-Benz
30840	2015	100000	Volkswagen
22849	2019	100000	Mercedes-Benz
25750	2017	99988	Mercedes-Benz
22800	2019	99980	Audi
25770	2019	99972	Volkswagen
25870	2018	99844	Audi
22836	2019	99402	Renault
22800	2015	99284	Skoda
22850	2020	99279	BMW
22850	2019	98950	Audi
25850	2019	98243	MINI
22350	2015	98096	Volkswagen
22800	2016	98000	Audi
22800	2016	98000	Volkswagen
21950	2019	97951	Hyundai
25459	2019	97644	Volkswagen
27700	2017	97000	Volkswagen
22849	2016	96779	Smart
22848	2014	96649	Mercedes-Benz
25870	2018	96353	Smart
22830	2019	95472	Seat
22840	2018	95445	Seat
22855	2019	95340	Audi
22810	2015	95200	Audi
22300	2017	95000	Skoda
25870	2017	93791	Volkswagen
22800	2015	93000	Ford
22810	2016	92350	Audi
24850	2019	92220	MINI
22850	2019	92000	BMW
28110	2019	91905	Volkswagen
30960	2019	91590	Volkswagen
22861	2016	91550	Volkswagen
22800	2001	91372	Opel
22860	2019	90950	Ford
30840	2019	90800	Volkswagen
28000	2019	90229	Volkswagen
22822	2016	90120	Ford
22850	2019	90001	Volkswagen
22850	2019	90001	Volkswagen
22850	2019	90001	Mercedes-Benz
22850	2019	90001	Volkswagen
22850	2019	90001	Volkswagen
22850	2019	90001	Dacia
22850	2019	90001	BMW
22850	2019	90001	Renault
25850	2020	90000	Land_Rover
22850	2018	89911	Volkswagen
22850	2014	89715	Volkswagen
22800	2017	89500	Citroën
22810	2018	89245	Skoda
22820	2018	88622	MINI
22850	2018	88556	Jeep
22850	2018	88556	Audi
21950	2019	88346	Opel
22800	2016	88000	MINI
25450	2019	87846	Citroën
25875	1968	87666	Jeep
22830	2018	87500	Volkswagen
22810	2019	87189	Ford
22555	2019	86800	Mercedes-Benz
22830	2019	86200	Mercedes-Benz
24690	2019	84639	Skoda
25850	2019	84200	Volkswagen
28000	2016	84000	Mercedes-Benz
25870	2017	84000	Toyota
24970	2017	84000	Volkswagen
22849	2018	83954	Volkswagen
22850	2019	82924	Volkswagen
22850	2019	82924	Opel
22850	2019	82924	Skoda
22810	2019	82800	Volkswagen
22800	2015	82717	Hyundai
25850	2021	82691	Skoda
20979	2020	82461	Mazda
22440	2018	82300	Skoda
22850	2018	81583	Opel
25850	2007	81286	Volkswagen
22860	2019	81199	Opel
25850	2019	81000	Skoda
24850	2019	80915	Skoda
22840	2017	79986	Citroën
21950	2017	79943	MINI
22832	2019	79896	Audi
25870	2019	79400	Opel
25850	1969	78900	Skoda
36499	2018	78868	Volkswagen
22840	2019	78735	Toyota
29980	2021	77985	Ford
22850	2018	77470	Volkswagen
22839	2017	77000	Volkswagen
22680	2017	76732	Audi
22840	2015	76714	Kia
22850	2019	76035	Porsche
22850	2019	76035	Audi
22850	2019	76035	Volkswagen
25850	2018	75987	Volkswagen
28000	2018	75838	Volkswagen
22860	2019	75302	Ford
22800	2018	75000	Audi
28000	2020	75000	Kia
22860	2018	74887	Ford
22860	2017	74829	Volkswagen
28000	2019	74641	Dacia
28109	2018	74517	Volkswagen
25870	2018	74260	Volkswagen
28000	2019	74000	Dacia
25869	2018	73700	Volkswagen
22840	2019	73642	Peugeot
22850	2019	73569	Volkswagen
22850	2019	73569	Volkswagen
22850	2019	73569	Jeep
22800	2017	73500	Volkswagen
22850	2018	73348	Volkswagen
36499	2018	73276	BMW
22850	2020	73200	Skoda
36500	2008	73100	Volkswagen
22850	2017	72622	Volkswagen
22800	2019	72500	Volkswagen
22811	2019	72423	Audi
22980	2016	72100	Kia
22845	2018	71465	Audi
22820	2019	71059	Volkswagen
25850	2019	70990	Skoda
25870	2019	70500	Ford
28000	1985	70418	Peugeot
22860	2020	70189	Volkswagen
22860	2017	69870	Volkswagen
22830	2018	69822	Skoda
21990	2018	69800	Mazda
22860	2019	69800	BMW
22800	2017	69794	Volkswagen
25449	2019	69784	MINI
28000	2010	69600	Mercedes-Benz
28000	2019	69357	Volkswagen
22850	2018	68990	Volkswagen
22420	2020	68921	Skoda
22420	2020	68921	Renault
22380	2018	68898	Volkswagen
22840	2018	68298	Skoda
22850	2017	67887	Volkswagen
22850	2020	67650	Mercedes-Benz
31860	2019	67595	Ford
25870	2015	67000	Volkswagen
22840	2019	66991	Peugeot
22850	2019	66578	Volkswagen
25789	2019	66543	Ford
22850	2018	66500	Volkswagen
22800	2018	66300	MINI
22650	2017	66092	Audi
22850	2019	66043	Audi
22830	2018	66014	Seat
22860	2019	65932	Hyundai
22850	2016	65500	Mercedes-Benz
22840	2020	65250	Skoda
22840	2018	65230	Volkswagen
31360	2020	65068	Volkswagen
21840	2019	64850	Renault
22850	2018	64800	Audi
22820	2018	64700	MINI
25850	2018	64350	Volkswagen
21990	2020	64065	Audi
22850	2019	63828	Hyundai
22860	2018	63766	Volkswagen
22820	2017	63706	Skoda
22860	2018	62597	Volkswagen
22860	2018	62597	Volkswagen
22860	2019	62103	Ford
22850	2018	61945	Audi
22800	2019	61840	Jeep
21780	2019	61800	Volkswagen
21999	2019	61778	Volkswagen
25850	2018	61454	Audi
22849	2018	61400	Ford
22853	2018	61350	Volkswagen
25470	2020	61149	Skoda
25861	2017	61000	Volkswagen
25861	2017	61000	MINI
25861	2017	61000	Ford
25861	2017	61000	Volvo
25850	2020	61000	Volkswagen
26750	2019	60950	Volkswagen
22820	2019	60917	Volkswagen
22840	2019	60859	BMW
22849	2017	60692	Audi
21440	2018	60596	Audi
25870	2018	60543	Renault
22839	2018	60290	Renault
22177	2018	59900	Audi
25870	2019	59896	Renault
22840	2016	59820	Renault
22840	2021	59551	Audi
22840	2021	59551	Skoda
22850	2018	59523	Seat
25850	2019	59394	Mercedes-Benz
22840	2019	59273	Mercedes-Benz
68980	2020	59150	Skoda
68980	2020	59150	Skoda
22710	2018	58000	Volkswagen
22855	2019	57950	Audi
22821	2018	57000	Seat
25850	2019	56900	Volkswagen
21960	2018	56600	Skoda
22840	2021	56418	BMW
22850	1980	56314	Volkswagen
22840	2018	56000	Fiat
22830	2018	55910	Fiat
22800	2016	55800	Dacia
22840	2021	55640	Citroën
25870	2019	54675	Ford
25870	2019	54299	Skoda
25875	2018	54090	Volkswagen
25850	1973	54000	BMW
25850	2021	53961	Renault
25850	2016	53902	Audi
21890	2019	53900	Volkswagen
22840	2019	53750	Volkswagen
22840	2019	53750	Fiat
21805	2019	53600	Ford
31589	2020	53572	Renault
25875	2019	53220	Ford
21949	2016	53000	Volkswagen
25850	2017	53000	Aixam
22800	2019	53000	Skoda
28000	2020	53000	Volkswagen
22850	2019	52999	Volkswagen
22849	2018	52410	Other
22720	2021	52000	Seat
25850	2019	51945	Volkswagen
25870	2018	51836	Volkswagen
31860	2018	51778	Seat
25870	2019	51298	Seat
25850	2019	51290	Volkswagen
22830	2020	51235	Suzuki
31840	2019	51176	Volkswagen
22849	2017	50369	Audi
22840	2021	50333	Mercedes-Benz
28000	2018	50000	BMW
22850	2018	50000	Audi
25870	2019	49931	Volkswagen
22840	2020	49800	Land_Rover
27948	2020	49524	BMW
26000	2016	49500	Honda
25870	2019	49312	BMW
25850	2020	48985	Volkswagen
25390	2020	48942	Volkswagen
22840	2021	48913	Volkswagen
22840	2021	48913	BMW
25449	2019	48903	Renault
25850	2018	48800	BMW
22810	2019	48300	Volkswagen
22810	2019	48300	Corvette
25870	2021	48000	Skoda
25870	2021	48000	Skoda
68280	2020	47880	Nissan
22860	2018	47688	Fiat
22840	2018	47521	Nissan
22860	2017	47250	Nissan
24870	2020	46878	Nissan
24950	2018	46843	Mercedes-Benz
25875	2018	46529	Audi
25869	2021	46519	Volkswagen
22800	2020	46500	Ford
22381	2018	46353	Ford
22840	2019	46242	Renault
25850	2018	46070	Renault
22800	2020	45700	MINI
25870	2018	45508	Volkswagen
22850	2017	45491	Opel
25875	2019	45490	BMW
22850	2019	45382	MINI
22830	2019	45300	Ford
25869	2019	45150	Volkswagen
25870	2019	45047	BMW
28000	2017	45000	Citroën
22800	2018	45000	Citroën
25850	2020	45000	Ford
22800	2018	44678	Ford
22860	2019	44545	Opel
22489	2019	44530	Ford
22855	2019	44200	Nissan
25850	2020	44124	Hyundai
27900	2018	44000	MINI
22600	2014	43900	Mercedes-Benz
22720	2021	43900	Ford
25870	2019	43754	Audi
22830	2018	43688	Mercedes-Benz
22840	2020	43561	Citroën
22810	2019	43543	Skoda
22849	2021	43283	Mercedes-Benz
22855	2019	43241	BMW
22860	2018	43000	Alfa_Romeo
51700	2019	43000	Nissan
22720	2021	43000	Nissan
22861	2019	42898	Volkswagen
25850	2019	42800	Audi
31855	2018	42755	MINI
25870	2020	42703	Opel
22720	2021	42700	Volkswagen
51719	2021	42564	Volkswagen
25870	2020	42417	Volkswagen
22860	2020	42402	Volkswagen
31855	2020	42326	Fiat
25870	2016	42169	Dacia
22512	2020	42150	Dacia
22720	2021	42100	Dacia
22850	2019	41900	Dacia
22720	2021	41800	Volkswagen
22800	2019	41647	Ford
22850	2018	41500	Volkswagen
25870	2019	41063	Skoda
22850	2019	41000	Volkswagen
22840	2018	40926	Hyundai
25875	2019	40549	Volkswagen
31840	2020	40535	Skoda
22800	2019	39990	Volkswagen
22860	2017	39800	Volkswagen
25850	2017	39700	Skoda
27769	2019	39700	Volkswagen
22810	2020	39400	Volkswagen
21998	2019	39190	Volkswagen
22840	2017	39004	BMW
22859	2019	39000	Volkswagen
22859	2019	39000	MINI
25850	2020	38900	Opel
22850	2020	38890	Dacia
22850	2019	38674	Volkswagen
22820	2020	38631	Honda
22850	2019	38629	Dacia
31840	2020	38535	Audi
22849	2021	38441	BMW
22850	2021	38055	Toyota
24940	2019	38000	Kia
22860	2019	37950	Volkswagen
25850	2018	37690	Kia
22810	2021	37643	Audi
22640	2015	37540	Nissan
22830	2019	37295	Renault
22860	2018	36894	Audi
22840	2020	36850	Ford
25870	2020	36800	Seat
22800	1968	36360	Peugeot
25850	2019	36087	Audi
22840	2019	36062	Mazda
28120	2020	36000	Volkswagen
22830	2020	35984	Fiat
31860	2020	35950	Opel
25870	2019	35900	Mercedes-Benz
31855	2018	35835	Volkswagen
22815	2019	35800	Volkswagen
25850	2020	35579	Volkswagen
22860	2020	35460	Opel
22850	2019	35451	Nissan
22810	2021	35400	Audi
22810	2021	35400	Audi
28000	2017	34933	Skoda
22848	2018	34933	Volkswagen
22850	2019	34890	BMW
25870	2018	34643	Dacia
22840	2021	34550	Ford
22185	2021	34334	Mazda
22820	2017	34241	Toyota
22820	2017	34241	BMW
22800	2018	34100	Toyota
22860	2018	34069	Volkswagen
25873	2019	34036	Ford
25873	2019	34036	Volkswagen
22850	2018	34019	Ford
25850	2019	34000	Volvo
22860	2019	34000	BMW
27800	2020	34000	Dacia
25870	2019	33975	Volkswagen
22860	2021	33894	Nissan
22840	2018	33833	Dacia
31860	2020	33780	Volkswagen
22820	2021	33600	Ford
22830	2021	33500	Audi
22850	2020	33400	BMW
22839	2021	33320	Audi
31860	2019	33200	Volkswagen
22850	2017	33000	Ford
25869	2018	32983	Opel
22860	2020	32970	Renault
22860	2019	32918	Volkswagen
25850	2020	32851	Volkswagen
22820	2021	32600	Ford
22490	2021	32484	Ford
22840	2019	32478	Ford
22850	2021	32455	Toyota
22850	2021	32429	Ford
36499	2017	32400	BMW
31840	2020	32400	Ford
22820	2021	32400	Ford
22850	2021	32355	Ford
22850	2018	32350	Opel
31840	2019	32330	Mercedes-Benz
25870	2019	32300	Seat
22840	2019	32250	Ford
25850	2021	31900	Ford
21901	2019	31782	Volkswagen
25850	2020	31685	Mercedes-Benz
22820	2021	31600	Mercedes-Benz
21890	2018	31380	Ford
22849	2018	31170	Ford
22850	2020	31167	Nissan
22550	2020	31000	Mercedes-Benz
22820	2021	31000	Ford
22849	2020	30673	BMW
22849	2020	30653	Mercedes-Benz
22860	2019	30558	BMW
22800	2021	30450	Audi
22201	2019	30375	Audi
22850	2019	30212	Volkswagen
51700	2021	30000	Mitsubishi
25870	2019	29957	Audi
22480	2019	29950	Fiat
25870	2019	29943	Volkswagen
23467	2019	29902	Opel
25870	2019	29800	Jaguar
24300	2021	29791	Peugeot
22820	2020	29674	Mercedes-Benz
25590	2021	29671	Ford
69555	2021	29600	Volkswagen
22850	2019	29396	Volkswagen
25870	2020	29381	Volkswagen
25850	2020	29117	Volkswagen
31859	2019	29000	Volkswagen
25870	2019	28999	Toyota
22420	2021	28900	Ford
22800	2019	28500	Skoda
22832	2020	28497	Audi
51700	2021	27900	Audi
22849	2022	27848	Smart
25850	2018	27694	Audi
22840	2019	27672	Volkswagen
25870	2017	27600	Mercedes-Benz
22440	2020	27530	Smart
22830	2020	27500	Renault
28000	2020	27420	Opel
22840	2021	27200	Volkswagen
25150	2019	27179	Volkswagen
22840	2019	27155	BMW
22850	2019	26947	Volkswagen
31859	2021	26898	Opel
25850	2020	26860	Volkswagen
22840	2021	26750	Volkswagen
22830	2020	26709	Opel
25865	2022	26700	Volkswagen
22850	2018	26636	Volkswagen
22860	2019	26600	Mercedes-Benz
22424	2019	26500	Ford
22850	2020	26500	Toyota
25870	2020	26490	Fiat
25865	2022	26430	BMW
22800	2019	26380	Volkswagen
22840	2019	26010	Volkswagen
25850	2021	25749	MINI
22860	2019	25700	Volkswagen
22840	2022	25700	Skoda
22849	2018	25618	Volvo
22840	2020	25590	Audi
25870	2019	25559	Volkswagen
25850	2021	25459	Mercedes-Benz
25850	2021	25300	Audi
22802	2019	25227	Mercedes-Benz
22830	2022	25182	Volkswagen
28110	2021	25125	Toyota
25850	2021	25000	Toyota
25850	2019	24990	Audi
22840	2020	24777	Opel
22979	2020	24700	Opel
22850	2020	24490	Renault
22820	2020	24364	Toyota
22598	2014	24215	Mazda
25870	2019	24131	Mercedes-Benz
22849	2020	24095	Land_Rover
22850	2019	24048	Fiat
25870	2020	24000	Opel
22800	2020	24000	Volkswagen
22850	2019	23800	Kia
22849	2020	23633	Skoda
24850	2021	23619	Volvo
22833	2020	23577	BMW
25300	2019	23412	Volkswagen
22840	2021	23356	Peugeot
22350	2019	23144	Peugeot
22849	2021	22999	BMW
22830	2018	22990	Lotus
25865	2022	22730	Peugeot
22820	2021	22721	Mercedes-Benz
25850	2021	22660	Volkswagen
22820	2018	22600	Mercedes-Benz
22840	2019	22299	Peugeot
25850	2021	22202	Peugeot
25850	2021	22200	Hyundai
22840	2021	22185	Seat
25850	2020	22000	Peugeot
25865	2022	21940	Hyundai
22830	2021	21924	Ford
22340	2021	21900	Skoda
22858	2021	21469	Volkswagen
22840	2021	21432	Audi
22860	2019	21210	Volkswagen
25850	2021	21000	Audi
22820	2017	20921	Opel
22849	2019	20900	Peugeot
25850	2021	20807	Peugeot
25850	2020	20700	Mercedes-Benz
31860	2021	20666	Volkswagen
25850	2021	20520	Mercedes-Benz
22850	2020	20400	Volkswagen
25866	2019	20386	Volkswagen
24490	2021	20130	Seat
22800	2018	20124	Volkswagen
25870	2020	20000	BMW
25850	2021	20000	Ford
21819	2021	20000	Smart
31840	2020	19990	Kia
22824	2021	19990	Volkswagen
69550	2021	19970	Volkswagen
22370	2021	19950	Seat
25875	2019	19772	Ford
25850	2021	19650	Volkswagen
22860	2017	19350	Volkswagen
22650	2019	19047	Mercedes-Benz
26750	2020	19005	Volkswagen
22800	2021	18546	BMW
22850	2022	18517	BMW
22849	2019	18500	Mazda
25873	2020	18143	Mazda
25850	2020	18000	Opel
20830	2020	18000	Volkswagen
31859	2021	17900	Mazda
22440	2018	17800	Mazda
25850	2020	17730	Mazda
22850	2020	17498	Ford
31440	2022	17280	Mazda
22820	2021	17200	Mazda
25871	2021	16887	Mazda
25850	2021	16850	Hyundai
22840	2019	16798	Triumph
28000	2021	16499	BMW
31840	2022	16423	Renault
22840	2019	16369	Volkswagen
22830	2018	16339	Hyundai
22800	2019	16300	DS_Automobiles
22800	2020	16300	Skoda
22820	2020	16000	Skoda
25850	2021	16000	Skoda
22800	2020	15800	Volkswagen
31840	2022	15759	Opel
22820	2022	15700	Abarth
22800	2021	15423	Ford
22850	2021	15398	Volkswagen
25850	2021	15373	Audi
22840	2022	15155	Renault
25850	2021	15081	Volkswagen
22860	2021	15000	Hyundai
25850	2022	15000	Volkswagen
25850	2022	14990	Volkswagen
22699	2022	14926	Ford
22830	2021	14632	BMW
22850	2021	14267	Mercedes-Benz
25850	2020	14182	Audi
22980	2020	14095	Audi
25850	2021	13930	Audi
22840	2021	13855	Audi
22850	2022	13609	Seat
22850	2021	13518	Seat
25868	2021	13450	Opel
22860	2020	13200	Polestar
36500	2020	13166	Seat
22849	2021	13000	BMW
22840	2020	12875	Mercedes-Benz
25350	2020	12866	Ford
25850	2020	12810	Seat
22820	2020	12800	Seat
21760	2021	12610	Ford
31859	2020	12500	Mercedes-Benz
22860	2021	12110	Seat
25870	2021	12098	Seat
49998	2021	12043	Seat
25850	2021	12000	Hyundai
25850	2022	11867	Ford
22850	2019	11801	Honda
22840	2021	11769	Volkswagen
25870	2021	11761	Hyundai
31860	2020	11549	Renault
49990	2021	11360	BMW
22840	2021	11335	Hyundai
22800	2019	11248	Opel
25870	2019	11108	Skoda
22850	2017	11000	Audi
25870	2021	10991	Hyundai
21879	2022	10990	Seat
22800	2021	10945	Opel
25650	2022	10800	Ford
25650	2022	10800	BMW
22808	2021	10768	Audi
25795	2022	10555	Mazda
22860	2021	10550	Mazda
25850	2021	10500	Audi
25850	2022	10500	Ford
31840	2020	10496	MINI
22810	2021	10470	Volkswagen
22830	2022	10449	Audi
25870	2021	10400	Volkswagen
22390	2021	10242	Mitsubishi
22850	2020	10000	Audi
25650	2021	10000	Dodge
24880	2021	10000	Volkswagen
24880	2021	10000	Seat
25850	2022	10000	Dacia
25850	2021	9900	Maserati
25850	2021	9900	Mazda
25850	2022	9900	Seat
25850	2021	9885	Volkswagen
22855	2022	9600	Ford
22820	2022	9600	Audi
22300	2021	9500	Skoda
22599	2022	9500	Maserati
22599	2022	9480	Seat
31839	2019	9435	Audi
22840	2021	9220	Volkswagen
22820	2021	9200	Mercedes-Benz
25850	2021	9100	Ford
28111	2022	9100	Suzuki
22450	2021	8967	Ford
25870	2021	8950	Skoda
25850	2022	8900	Ford
22840	2021	8500	Volkswagen
22350	2021	8500	Suzuki
22840	2021	8408	Citroën
22845	2022	8332	BMW
22810	2021	8300	Citroën
27805	2021	8284	Volkswagen
25850	2021	8259	Citroën
22849	2020	8209	Mercedes-Benz
22849	2020	8189	Citroën
24950	2020	8166	MINI
22980	2021	8120	Citroën
25850	2021	8000	Audi
28111	2022	8000	Ford
25870	2022	8000	Opel
25870	2022	8000	MINI
22850	2021	7990	BMW
22340	2022	7990	Mercedes-Benz
25750	2022	7820	Volkswagen
25950	2022	7700	Smart
22480	2020	7500	BMW
25850	2021	7490	Ford
25869	2022	7423	Volkswagen
25850	2022	7200	Audi
25850	2021	7012	Citroën
25863	2021	7000	Citroën
25863	2021	7000	Opel
25863	2021	7000	Citroën
25863	2021	7000	Toyota
25863	2021	7000	Ford
22840	2021	6810	Mercedes-Benz
22800	2022	6800	Volkswagen
22554	2022	6751	MINI
22430	2021	6734	Skoda
25870	2021	6640	Audi
25850	2021	6621	Ford
22850	2021	6541	Volkswagen
22820	2021	6500	Seat
25870	2020	6492	Audi
22740	2022	6400	BMW
25850	2022	6100	Ford
51700	2022	6023	Citroën
28000	2021	6000	Jeep
59900	2022	6000	Audi
25872	2022	6000	Seat
22855	2022	6000	BMW
22855	2022	6000	Ford
22840	2021	5963	Volkswagen
22845	2021	5950	Audi
25850	2020	5550	Ford
22820	2021	5400	Volkswagen
31859	2021	5279	BMW
25870	2021	5250	Volkswagen
22819	2022	5200	MINI
25469	2022	4971	Skoda
22820	2021	4900	Volkswagen
22480	2022	4900	Skoda
25850	2021	4874	Volkswagen
22850	2021	4820	BMW
31860	2019	4630	BMW
25850	2021	4595	Honda
28000	2022	4500	Opel
22850	2022	4500	Volkswagen
22820	2021	4395	Mercedes-Benz
22839	2022	4268	BMW
25850	2021	4200	Mazda
21845	2021	4003	Audi
23562	2022	3990	Alfa_Romeo
28000	2022	3503	Audi
31859	2021	3500	Land_Rover
28000	2022	3468	Ford
25850	2021	3000	Volkswagen
31860	2022	3000	Volkswagen
22810	2022	3000	Mercedes-Benz
25864	2022	2904	Volkswagen
25850	2021	2900	MINI
22820	2022	2900	Audi
47500	2022	2800	Toyota
22820	2022	2500	Volkswagen
22840	2021	2430	Volkswagen
22860	2022	2100	MINI
22800	2022	2001	Audi
51720	2022	2000	Kia
25850	2022	1500	Mercedes-Benz
22816	2023	1500	Peugeot
25850	2021	1320	Mercedes-Benz
22830	2022	1001	Mercedes-Benz
22800	1961	1000	Ford
22660	2022	1000	Volkswagen
25850	1968	580	Volkswagen
25850	2021	550	Audi
22500	None	500	BMW
21990	2021	400	BMW
22825	2022	376	Skoda
22836	2022	202	Ford
25850	2022	200	Volkswagen
25873	2022	150	Volkswagen
31839	2022	111	Citroën
22859	2022	100	Toyota
22840	2022	100	Audi
22840	2021	62	Toyota
22840	2022	62	Audi
22840	2022	62	Opel
22840	2022	62	MINI
22840	2022	62	Audi
22840	2022	62	BMW
22840	2022	62	Ford
22840	2022	62	Audi
22730	2022	57	Infiniti
25870	2022	50	Nissan
25870	2022	50	Volkswagen
25870	2022	50	Volkswagen
25870	2022	50	Skoda
25850	2022	50	Audi
22860	2022	50	Volkswagen
22800	2022	50	Smart
22730	2022	50	Ford
25870	None	50	BMW
22840	2022	32	Skoda
51720	2022	30	Opel
25870	2022	30	Ford
22811	2022	25	Ford
25850	None	25	Fiat
25850	None	25	Skoda
25850	None	25	Volkswagen
22845	None	25	Mercedes-Benz
22845	None	25	Volkswagen
22845	None	25	BMW
22840	2022	20	Volkswagen
22849	None	20	Ford
22840	None	20	Kia
31860	2022	15	BMW
31860	2022	15	Jeep
31860	2022	15	BMW
31860	2022	15	BMW
25850	2022	15	Audi
25850	2022	15	Nissan
22839	2022	12	Nissan
22848	None	11	BMW
25850	2020	10	BMW
22850	2021	10	Volkswagen
22850	2021	10	Plymouth
69470	2022	10	Volkswagen
69470	2022	10	Peugeot
69470	2022	10	BMW
36500	2022	10	BMW
31839	2022	10	Seat
28111	2022	10	Ford
28000	2022	10	Volkswagen
25870	2022	10	Volkswagen
25850	2022	10	BMW
25850	2022	10	Peugeot
24990	2022	10	Volkswagen
22850	2022	10	Volkswagen
22840	2022	10	Ford
22840	2022	10	Mercedes-Benz
22840	2022	10	Citroën
22811	2022	10	Seat
22811	2022	10	Hyundai
22811	2022	10	Volkswagen
22811	2022	10	Ford
22811	2022	10	Ford
21980	2022	10	Ford
22845	2023	10	Fiat
22829	2023	10	Skoda
33885	None	10	BMW
31860	None	10	Renault
26480	None	10	Chrysler
26480	None	10	Audi
26480	None	10	Audi
25875	None	10	Hyundai
22860	None	10	Infiniti
22860	None	10	Seat
22850	None	10	Hyundai
22840	None	10	Mercedes-Benz
22820	None	10	Mazda
22820	None	10	Audi
22820	None	10	Opel
22490	None	10	Volkswagen
22490	None	10	Mercedes-Benz
25850	None	8	Skoda
22840	None	8	Volkswagen
22839	2022	7	Volkswagen
22844	None	7	Mercedes-Benz
22839	2022	5	Opel
28105	None	5	Opel
25875	None	5	Skoda
25850	None	5	Buick
22845	None	5	Mercedes-Benz
22829	None	5	Skoda
31840	2022	1	Skoda
31840	2022	1	Volkswagen
31840	2022	1	BMW
31840	2022	1	Skoda
31840	2022	1	Volvo
22845	None	1	Volvo
22845	None	1	BMW
22825	2022	0	Volvo
69550	None	0	Volvo
69550	None	0	Opel
51719	None	0	Jeep
51715	None	0	BMW
36500	None	0	Volvo
32445	None	0	Peugeot
31858	None	0	Renault
31855	None	0	Volkswagen
31855	None	0	Volvo
28118	None	0	Volvo
28116	None	0	Renault
28116	None	0	Volkswagen
28116	None	0	Volvo
28116	None	0	Volkswagen
28104	None	0	Hyundai
28000	None	0	Mazda
28000	None	0	Renault
25865	None	0	Volkswagen
25865	None	0	Audi
25850	None	0	Mercedes-Benz
25850	None	0	BMW
25850	None	0	Volkswagen
25374	None	0	Volvo
23840	None	0	Audi
23840	None	0	Volkswagen
23840	None	0	Mitsubishi
23840	None	0	BMW
23840	None	0	Volvo
23840	None	0	Volkswagen
23800	None	0	Mazda
22979	None	0	Audi
22963	None	0	Other
22860	None	0	Ford
22855	None	0	Volkswagen
22850	None	0	Volkswagen
22850	None	0	Mercedes-Benz
22845	None	0	Opel
22845	None	0	Seat
22820	None	0	Volkswagen
22820	None	0	Porsche
22820	None	0	Volkswagen
46980	None	0	BMW
28119	None	0	BMW
25955	None	0	Volkswagen
22865	None	0	BMW
22840	None	0	BMW
22840	None	0	Renault
22800	None	0	Volkswagen
